167125836165524062.jpg	188.61111111111	432.88888888889	217.94444444444	344	261.5	229.33333333333	319.27777777778	109.33333333333	372.61111111111	14.222222222222	144.16666666667	624
30117891249078147.jpg	169.94444444444	247.11111111111	216.16666666667	393.77777777778	97.055555555556	84.444444444444	194.83333333333	321.77777777778	65.055555555556	16
102879172729680368.jpg	8.9611111111111	700.70694444444	75.827777777778	710.45833333333	145.48055555556	727.175	251.35277777778	753.64305555556	414.34027777778	812.15138888889	538.32222222222	874.83888888889
70650287895528759.jpg	3.4416666666667	17.208333333333	39.825	49.658333333333	89.975	109.64166666667	124.88333333333	181.91666666667	139.63333333333	235.01666666667
3096293487132348.jpg	113.79166666667	686.59583333333	138.25833333333	518.3875	248.35833333333	224.7875	327.875	88.691666666667	174.95833333333	400.64166666667
7599893113249788.jpg	10.625	659.65	128.91666666667	612.33333333333	291.74166666667	566.40833333333	531.10833333333	527.44166666667
969610994744071180.jpg	89.333333333333	4.4444444444444	153.33333333333	147.55555555556	198.66666666667	284.44444444444	231.55555555556	472	241.33333333333	616.88888888889
281193570472668675.jpg	29.861111111111	413.88888888889	69.444444444444	335.41666666667	154.86111111111	215.27777777778	293.75	98.611111111111	495.13888888889	13.888888888889
3518505951383600.jpg	251.52222222222	526.32777777778	269.10555555556	465.37222222222	296.06666666667	399.72777777778	334.75	327.05
541206080233144552.jpg	250	481.22222222222	271.69444444444	328.375	323.95833333333	191.30555555556	463.98611111111	6.9027777777778
281543711732168.jpg	25.620833333333	426.85833333333	83.4	344.31666666667	195.42083333333	277.10416666667	439.50833333333	319.55416666667	510.25833333333	397.37916666667
547820742184675027.jpg	158.59166666667	183.02083333333	226.57083333334	269.825	285.1375	355.58333333334	339.52083333334	453.89166666666
33495590969781315.jpg	78.725	89.3	227.95	330.175	301.975	495.85	357.2	665.05
817121926172683285.jpg	58.488888888889	454.33333333333	109.66666666667	316.46666666667	213.06666666667	176.51111111111	382.26666666667	72.066666666667
647111040221383246.jpg	18.458333333333	27.083333333333	122.625	84.375	257	205.20833333333	355.95833333333	367.70833333333	393.45833333333	491.66666666667
605312006183457963.jpg	10.625	648.51666666667	179.01666666667	468.99166666667	343.23333333333	328.43333333333	550.59166666667	199.00833333333
316589048816943501.jpg	315.22222222222	554.66666666667	347	395.77777777778	423.55555555556	208	544.88888888889	11.555555555556
634585403760698079.jpg	125.5	467.26111111111	156.53888888889	319.61666666667	229.52222222222	119.12222222222	286.56666666667	5.8722222222222
604045368788261896.jpg	108.1	10.575	199.75	126.9	299.625	316.075	392.45	600.425
208573026483951084.jpg	95.836111111111	225.3	158.41944444444	274.32361111111	223.08888888889	338.99305555556	270.02638888889	397.40416666667
30328997482064844.jpg	12.069444444444	32.861111111111	106.27618634259	99.121238425925	232.70833333333	205.38194444444	519.06944444444	707.6875	411.09722222222	434.23611111111
361554676345463475.jpg	127.72222222222	5.5555555555556	184.38888888889	134.44444444444	254.38888888889	308.88888888889	311.05555555556	481.11111111111	349.94444444444	631.11111111111
AZGMfCghIealh_UiHw08feoG2L1bnzv4Tx5WFR9yZEJIqmNY1hhnTqw.jpg	10.416666666667	48.958333333333	113.54166666667	87.5	259.375	179.16666666667	373.95833333333	325
444660163183713174.jpg	7.2555555555556	71.977777777778	60.8	107.08888888889	140.67777777778	172.92222222222	213.53333333333	257.18888888889
1109996639382794842.jpg	9.6625	36.7875	178.6125	137.6125	418.4125	316.1	648.675	543.6375
814799757599775059.jpg	4.6222222222222	147.91111111111	91.377777777778	113.77777777778	193.06666666667	103.11111111111	279.11111111111	117.33333333333
744642119653163273.jpg	106.69444444444	315.77777777778	156.31666666667	205.25555555556	220.6	120.67222222222	306.31111111111	49.622222222222	398.78888888889	4.5111111111111
497225615120535103.jpg	127.17777777778	537.85833333333	165.75833333333	381.26666666667	230.4375	260.98611111111	379.08611111111	104.39444444444	552.69861111111	5.6736111111111
103512491426065021.jpg	12.719444444444	102.67083333333	152.95277777778	236.22638888889	324.07083333333	421.53472222222	462.63472222222	595.15694444444
251357222944405754.jpg	162.93333333333	287.48333333333	227.95	328.21666666667	332.91666666667	444.15	365.03333333333	510.73333333333
251357222944405752.jpg	4.7444444444444	227.73333333333	130.47222222222	240.1875	269.24722222222	276.36388888889	418.69722222222	343.97222222222
600878775299454320.jpg	218.10833333333	174.13611111111	333.36388888889	315.7	394.75	434.71388888889	429.82777777778	553.72777777778
30399366225232553.jpg	7.2638888888889	239.38888888889	130.81944444444	343.63888888889	245.6875	480.70833333333	358.625	666.04166666667
778208010596437232.jpg	5.4833333333333	282	198.96666666667	282.78333333333	405.76666666667	356.41666666667	558.51666666667	480.18333333333
39969515421070348.jpg	10	148	172.66666666667	238.66666666667	339.33333333333	405.33333333333	427.33333333333	574.66666666667
295126581805546992.jpg	20.4	33.6	213.6	152.4	375.6	349.2	448.8	552
3799980925627220.jpg	19.844444444444	714.4	97.133333333333	535.8	201.57777777778	378.08888888889	353.02222222222	226.64444444444
761389880771254196.jpg	203.55277777778	645.29166666667	273.14305555556	440.31666666667	408.52777777778	172.07777777778	499.62777777778	31.631944444444
3307399696059575.jpg	7.1666666666667	109.33333333333	128.94444444444	176	232.05555555556	276.44444444444	300.5	395.55555555556
287104544987298288.jpg	39.277777777778	434.72222222222	117.75	284.02777777778	217.75	175	368.44444444444	80.555555555556
145663369208802869.jpg	38.85	2.9305555555556	257.46944444444	86.744444444444	434.475	226.23888888889	558.14444444444	400.9
552535448045405791.jpg	7.8666666666667	346.53333333333	231.73333333333	364.93333333333	481.66666666667	450.8	662.6	573.46666666667
47921183513162593.jpg	49.516666666667	433.55	209.74166666667	232.48333333333	407.66666666667	113.1	556.37222222222	75.4
403424079093750581.jpg	126.05555555556	695.13888888889	205.77777777778	521.11111111111	305.91666666667	387.91666666667	457.58333333333	278.05555555556
544443042464155808.jpg	22.291666666667	85.416666666667	196.25	205.20833333333	292.08333333333	304.16666666667	396.25	501.04166666667
1196337386864798.jpg	37.5	375	183.33333333333	230.55555555556	318.05555555556	160.41666666667	496.52777777778	125
897975613175427781_c.jpg	169.60972222222	388.80833333333	224.39027777778	293.27638888889	286.51944444444	224.46666666667	388.06388888889	155.65694444444
897975613175427781_b.jpg	79.658333333333	171.25	166.425	274	228.075	367.61666666667	290.86666666667	494.34166666667
897975613175427781_a.jpg	5.6388888888889	103.11111111111	71.694444444444	121.63888888889	142.58333333333	153.86111111111	224.75	212.66666666667
897975613175427781_e.jpg	173.66944444444	372.06944444444	260.19722222222	241.4125	358.83888888889	135.84861111111	560.44861111111	12.979166666667
897975613175427781_d.jpg	307.75	596.25	285.25	428.75	236.5	268.75	125.25	37.5
897975613175427781_f.jpg	335.66666666667	227.55555555556	281.44444444444	176	206.77777777778	113.77777777778	103.66666666667	46.222222222222	24.555555555556	6.2222222222222
897975613175427781_g.jpg	294.52777777778	109.72222222222	219.52777777778	191.66666666667	170.22222222222	293.75	148.69444444444	444.44444444444
807340670714986480.jpg	108.4	25.919444444444	336.12083333333	259.19444444444	510.15138888889	501.72638888889	732.31805555556	938.65416666667
979955200142075842.jpg	37.6	482.53333333333	127.42222222222	398.97777777778	231.86666666667	319.6	420.91111111111	207.84444444444
490681321908910797.jpg	412.03333333333	331.61111111111	427.17777777778	236.56666666667	458.51111111111	115.93333333333	504.98888888889	4.1777777777778
3307399699764083.jpg	1.5625	42.8125	76.5625	66.5625	157.8125	105.625	266.5625	185.9375
897975613175427781.jpg	7.05	71.675	158.625	59.925	359.55	84.6	556.95	160.975
Regenbogen_uber_dem_Lipno-Stausee.jpg	7.1111111111111	320	465.77777777778	341.33333333333	864	476.44444444444	1139.5555555556	657.77777777778	1429.3333333333	992
161425967868539625.jpg	105.1625	391.8625	170.375	237.35	274.95	130.425	559.8875	51.1125
897975613175427781_j.jpg	98.333333333333	76.444444444444	200.55555555556	152	241.44444444444	189.33333333333	153.44444444444	113.77777777778
393290979957712694.jpg	6.725	58.391666666667	241.68194444444	158.49166666667	411.29583333333	342.00833333333	476.63888888889	496.32916666667
105201341287161447.jpg	180.16666666667	446.5	274.16666666667	293.75	368.16666666667	205.625	559.10416666667	111.625
638103840950042280.jpg	1.7444444444444	243.71388888889	163.30138888889	191.88333333333	334.23194444444	201.25694444444	521.70416666667	294.99305555556
897975613175427781_i.jpg	134.45833333333	581.20833333333	203.33333333333	346.79166666667	344.70833333333	158.29166666667	587.58333333333	9.6666666666667
897975613175427781_h.jpg	192.55555555556	131.55555555556	240.55555555556	174.22222222222	277	216	349.88888888889	355.55555555556
434034482815995673.jpg	4.1777777777778	413.6	177.55555555556	285.13333333333	353.02222222222	191.13333333333	550.42222222222	121.15555555556
417638565423600979.jpg	52.702777777778	7.0916666666667	131.89305555556	193.83888888889	198.08194444444	408.95277777778	257.17916666667	728.07777777778
325455510571133057.jpg	23.433333333333	3.2916666666667	143.90833333333	36.866666666667	253.19166666667	91.508333333333	365.10833333333	179.06666666667
20618110767251328.jpg	14.6	220.26666666667	144.4	175.525	267.31666666667	166.675	445.3	208.46666666667
GettyImages-1176551646-749c5a02ce57460e831fb4e5a2c73d23.jpg	56.018518518519	231.24074074074	152.31481481481	134.01851851852	279.16666666667	78.462962962963	493.98148148148	90.5
GettyImages-104637612-b9e5839e04a642a18dc3538e89853459.jpg	273.84259259259	230.94444444444	338.84259259259	142.47222222222	403.84259259259	70.851851851852	475.46296296296	4.0462962962963
GettyImages-1169726396-6cb9bbc25def42c5b929d63a4228ae5e.jpg	173.93518518519	4.6481481481481	288.28703703704	82.287037037037	414.67592592593	186.40740740741	542.87037037037	317.61111111111
PIXNIO-21123-1280x959.jpg	191.13472222222	944.34861111111	477.50277777778	516.79444444444	774.52638888889	287.7	1272.6736111111	115.87916666667
colorado_b.jpg	28.4375	282.91666666667	224.58333333333	200.52083333333	449.16666666667	193.22916666667	664.27083333333	265.41666666667
colorado_c.jpg	79.722222222222	302.5	221.66666666667	241.57407407407	364.90740740741	227.31481481481	492.59259259259	254.53703703704
colorado_a.jpg	247.59259259259	293.57407407407	393.42592592593	205.42592592593	559.35185185185	174.31481481481	692.87037037037	188.57407407407
rainbow_aerial.jpg	4.7407407407407	90.188888888889	370.72592592593	259.90740740741	652.32592592593	442.9	839.11111111111	594.6037037037
colorado_d.jpg	186.66666666667	247.25925925926	362.96296296296	218.09259259259	550.92592592593	212.25925925926	687.68518518519	224.57407407407
9fa07276-b25f-4b5c-9f9e-3b11bb55d000-Glen Affric24835278637_54cc006d8b_k.jpg	176.68518518519	348.18518518519	289.83333333333	213.27777777778	518.74074074074	75.759259259259	664.96296296296	40.944444444444
weknowyourdreams_a.jpg	78.568518518519	237.44259259259	233.93333333333	163.00925925926	411.7462962963	112.7962962963	583.65185185185	89.166666666667
Somewhere-over-the-rainbow-600x450.jpg	118.125	183.125	266.875	165	441.875	206.875	580.625	301.875
3387747058_04455eddc4_o.jpg	422.4	1011.2	878.93333333333	650.66666666667	1578.6666666667	401.06666666667	2026.6666666667	384
30770475957_01218f6378_k.jpg	453.21481481481	557.8	1016.4148148148	347.31111111111	1482.9037037037	279.04444444444	2025.2444444444	301.8
543845_autumn_rainbow_princetown_england_gb_2338x1479_www.Gde-Fon.com.jpg	373.33333333333	468.96296296296	657.77777777778	348.96296296296	980.74074074074	357.85185185185	1265.1851851852	501.55555555556
5055609227_be73c9b4b0_c.jpg	9.2458333333333	149.9875	245.14166666667	129.56666666667	421.18333333333	174.63333333333	664.12083333333	356.30833333333
8050245003_7553440116_c.jpg	75.4	394.91296296296	201.76481481481	308.34259259259	504.76111111111	166.61851851852	737.24444444444	107.97407407407
29613251037_30ab49c190_h.jpg	18.333333333333	491.66666666667	585	376.66666666667	1095	330	1590	341.66666666667
4269987570_fb84182233_o.jpg	6.6666666666667	240	177.5	274.16666666667	301.66666666667	315.83333333333	457.5	403.33333333333
32498039245_5f7c8e71d7_h.jpg	146.66666666667	208.46296296296	380.74074074074	252.90740740741	773.33333333333	359.57407407407	1152.5925925926	521.05555555556
15409595809_693fc76d29_c.jpg	440	250.83333333333	516.66666666667	182.5	605	121.66666666667	793.33333333333	40.833333333333
8050245003_8670601661_k.jpg	225.53333333333	1088.4666666667	749.46666666667	754	1182.5333333333	549.06666666667	1953.9333333333	317.06666666667
37074145922_3323b2de12_6k.jpg	67.828703703704	522.63611111111	297.40277777778	251.3212962963	545.76018518519	196.01481481481	841.07592592593	317.06296296296
33853938362_09e35550fe_b.jpg	99.406944444444	220.72777777778	426.38055555556	184.48888888889	638.04861111111	241.31805555556	781.35694444444	322.03194444444
15593549291_069a3019b5_c.jpg	47.5	385	255.83333333333	237.5	491.66666666667	165	791.66666666667	179.16666666667
31286121935_b374fc279e_c.jpg	3.1888888888889	168.82222222222	340.83333333333	107.28888888889	545.94444444444	151.46666666667	797.6	316.34444444444
8924467818_ed774a602a_k.jpg	8.9861111111111	22.766666666667	779.25833333333	144.18888888889	1245.975	366.16388888889	1754.4305555556	789.24444444444
3465023070_5efc2cc904_w.jpg	2.6666666666667	65.333333333333	131.55555555556	78.666666666667	234.22222222222	107.55555555556	346.66666666667	160
17141600458_ea8f7a5208_c.jpg	210.72916666667	137.69166666667	384.69444444444	145.83472222222	608.25833333333	173.225	793.32777777778	216.16111111111
index~~element232.jpeg	61.223611111111	110.04722222222	129.92361111111	97.006944444444	190.03611111111	102.41388888889	267.00555555556	135.17361111111
