167125836165524062.jpg	188.61111111111	432.88888888889	217.94444444444	344	261.5	229.33333333333	319.27777777778	109.33333333333	372.61111111111	14.222222222222	144.16666666667	624
30117891249078147.jpg	169.94444444444	247.11111111111	216.16666666667	393.77777777778	97.055555555556	84.444444444444	194.83333333333	321.77777777778	65.055555555556	16
102879172729680368.jpg	8.9611111111111	700.70694444444	75.827777777778	710.45833333333	145.48055555556	727.175	251.35277777778	753.64305555556	414.34027777778	812.15138888889	538.32222222222	874.83888888889
70650287895528759.jpg	3.4416666666667	17.208333333333	39.825	49.658333333333	89.975	109.64166666667	124.88333333333	181.91666666667	139.63333333333	235.01666666667
3096293487132348.jpg	113.79166666667	686.59583333333	138.25833333333	518.3875	248.35833333333	224.7875	327.875	88.691666666667	174.95833333333	400.64166666667
7599893113249788.jpg	10.625	659.65	128.91666666667	612.33333333333	291.74166666667	566.40833333333	531.10833333333	527.44166666667
969610994744071180.jpg	89.333333333333	4.4444444444444	153.33333333333	147.55555555556	198.66666666667	284.44444444444	231.55555555556	472	241.33333333333	616.88888888889
281193570472668675.jpg	29.861111111111	413.88888888889	69.444444444444	335.41666666667	154.86111111111	215.27777777778	293.75	98.611111111111	495.13888888889	13.888888888889
3518505951383600.jpg	251.52222222222	526.32777777778	269.10555555556	465.37222222222	296.06666666667	399.72777777778	334.75	327.05
541206080233144552.jpg	250	481.22222222222	271.69444444444	328.375	323.95833333333	191.30555555556	463.98611111111	6.9027777777778
281543711732168.jpg	25.620833333333	426.85833333333	83.4	344.31666666667	195.42083333333	277.10416666667	439.50833333333	319.55416666667	510.25833333333	397.37916666667
547820742184675027.jpg	158.59166666667	183.02083333333	226.57083333334	269.825	285.1375	355.58333333334	339.52083333334	453.89166666666
33495590969781315.jpg	78.725	89.3	227.95	330.175	301.975	495.85	357.2	665.05
817121926172683285.jpg	58.488888888889	454.33333333333	109.66666666667	316.46666666667	213.06666666667	176.51111111111	382.26666666667	72.066666666667
316589048816943501_a.jpg	9.4388888888889	138.85277777778	185.28333333333	116.33611111111	382.03611111111	121.69722222222	559.48888888889	154.4
647111040221383246.jpg	18.458333333333	27.083333333333	122.625	84.375	257	205.20833333333	355.95833333333	367.70833333333	393.45833333333	491.66666666667
605312006183457963.jpg	10.625	648.51666666667	179.01666666667	468.99166666667	343.23333333333	328.43333333333	550.59166666667	199.00833333333
316589048816943501.jpg	315.22222222222	554.66666666667	347	395.77777777778	423.55555555556	208	544.88888888889	11.555555555556
634585403760698079.jpg	125.5	467.26111111111	156.53888888889	319.61666666667	229.52222222222	119.12222222222	286.56666666667	5.8722222222222
604045368788261896.jpg	108.1	10.575	199.75	126.9	299.625	316.075	392.45	600.425
208573026483951084.jpg	95.836111111111	225.3	158.41944444444	274.32361111111	223.08888888889	338.99305555556	270.02638888889	397.40416666667
30328997482064844.jpg	12.069444444444	32.861111111111	106.27618634259	99.121238425925	232.70833333333	205.38194444444	519.06944444444	707.6875	411.09722222222	434.23611111111
361554676345463475.jpg	127.72222222222	5.5555555555556	184.38888888889	134.44444444444	254.38888888889	308.88888888889	311.05555555556	481.11111111111	349.94444444444	631.11111111111
AZGMfCghIealh_UiHw08feoG2L1bnzv4Tx5WFR9yZEJIqmNY1hhnTqw.jpg	10.416666666667	48.958333333333	113.54166666667	87.5	259.375	179.16666666667	373.95833333333	325
